40
49
37
48
54
39
45
54
37
48
37
58
39
49
42
54
38
43
60
36
43
44
49
44
40
36
53
52
53
51
53
56
54
41
43
32
65
41
48
48
54
54
35
52
43
59
37
50
36
41
50
47
45
41
52
51
31
58
54
52
49
43
45
46
50
37
45
32
52
44
57
44
52
44
55
46
32
35
52
49
55
54
63
52
56
66
65
53
43
55
49
39
52
48
39
58
43
39
56
41
65
51
40
40
46
57
48
34
50
39
59
57
47
38
49
33
38
59
35
34
47
52
46
58
58
54
34
48
54
42
38
46
56
56
61
49
43
39
54
43
52
50
47
53
56
39
42
43
50
54
39
48
40
55
41
56
38
49
44
54
59
49
47
42
52
46
50
48
58
58
29
40
53
49
52
43
54
59
37
46
52
51
52
46
54
58
58
41
50
53
46
50
48
45
41
62
49
42
53
57
47
46
42
31
56
50
35
35
28
54
48
50
56
56
47
30
39
54
55
29
46
51
48
33
55
50
53
38
41
37
37
40
38
41
54
39
41
55
48
48
55
54
55
43
48
54
54
48
45
49
44
48
61
62
55
53
55
36
51
55
46
54
46
59
47
54
52
34
54
47
45
32
55
55
45
59
51
52
57
54
60
49
51
55
42
51
59
53
48
36
48
47
53
65
32
61
50
57
51
47
60
55
53
62
51
51
55
53
58
57
65
60
41
34
53
74
57
56
61
68
59
63
38
62
46
42
45
59
52
60
60
56
38
40
51
62
72
63
63
64
43
64
61
52
51
69
59
48
69
36
53
43
56
58
55
67
46
53
38
53
62
47
56
56
56
64
61
68
57
63
60
66
63
59
61
73
47
65
70
50
60
50
43
38
54
61
42
53
55
61
51
70
61
38
57
38
62
58
52
61
50
51
65
52
47
35
57
62
59
53
62
54
56
56
54
66
63
44
60
55
66
66
65
60
60
60
56
59
62
63
57
62
63
46
63
60
58
64
63
74
52
69
51
60
56
55
54
77
63
55
52
64
60
60
58
59
61
40
61
41
57
63
59
51
59
42
55
63
62
56
53
68
53
60
62
59
51
61
57
56
58
69
67
58
65
63
55
57
65
54
72
75
49
51
60
64
58
61
67
62
65
63
69
51
62
55
75
40
67
58
60
63
35
62
43
63
68
65
48
63
64
61
50
59
55
45
65
61
49
72
50
64
55
63
59
56
62
74
54
57
62
76
54
70
61
48
48
61
66
68
55
62
71
74
53
58
75
56
58
64
54
54
59
55
57
61
41
71
38
55
56
69
64
72
69
56
62
67
57
69
51
48
69
69
64
57
53
37
67
74
63
58
61
64
58
60
57
55
55
56
57
61
61
74
68
51
62
53
62
46
54
62
55
58
62
70
67
57
64
74
65
56
59
60
63
59
53
44
61
57
71
46
53
64
40
67
48
43
47
54
48
46
51
58
71
57
66
37
59
50
48
61
59
42
48
40
62
44
46
59
58
49
44
66
65
42
52
65
63
45
41
61
60
59
62
57
51
44
60
63
57
51
58
44
47
61
57
70
76
67
45
45
39
42
56
58
35
58
41
57
42
62
59
41
50
59
61
54
54
52
47
66
58
64
50
44
67
49
57
63
48
51
60
59
45
55
41
60
54
42
49
46
56
66
56
49
54
57
65
54
54
62
52
52
60
63
66
42
64
54
46
67
56
34
57
64
59
50
51
54
53
52
40
58
41
41
50
54
64
51
46
55
45
56
66
38
62
55
58
43
64
50
53
45
65
69
69
67
68
34
62
51
46
67
50
42
56
41
42
53
43
56
52
62
70
54
70
54
35
48
55
58
54
69
77
68
58
60
51
55
52
60
58
64
37
59
51
43
58
29
41
63
51
54
44
54
65
57
63
35
41
62
43
58
52
61
39
45
52
62
62
53
43
47
52
68
39
53
62
51
60
65
65
60
60
54
44
44
51
59
71
61
55
64
43
58
60
58
49
48
52
44
56
57
67
53
52
43
52
59
64
66
39
57
58
57
47
55
35
61
58
58
58
56
56
67
55
44
63
63
41
59
57
45
68
57
57
38
